[regression_parameters]
a = -0.31425746933326737
b = 0.9801884407757556

